OTUs	"BKCM01"	"BKCM02"	"BKCM03"	"BKCM13"	"BKCM14"	"BKCM15"	"BKF01"	"BKF02"	"BKF03"	"BKF13"	"BKF14"	"BKF15"
"OTU_1"	300	203	310	89	158	119	411	406	469	299	232	534
"OTU_2"	165	145	85	264	510	329	470	394	172	169	76	351
"OTU_3"	22	0	0	396	1170	366	0	0	0	417	64	463
"OTU_4"	37	61	61	183	302	190	313	389	322	245	148	249
"OTU_5"	96	59	74	129	388	220	0	0	0	384	266	471
"OTU_6"	97	60	77	106	389	268	0	0	0	346	268	460
"OTU_7"	409	480	400	15	295	448	0	0	0	0	0	0
"OTU_8"	349	211	392	0	0	0	310	179	110	0	0	0
"OTU_9"	0	0	0	263	722	152	0	0	0	122	40	237
"OTU_10"	94	151	146	60	233	195	34	36	0	165	114	273
"OTU_11"	35	44	0	113	184	106	225	213	180	120	80	153
"OTU_12"	27	30	0	105	152	106	199	220	160	118	83	126
"OTU_13"	293	335	303	85	155	101	0	0	0	0	0	0
"OTU_14"	96	54	112	37	61	42	151	160	170	111	62	170
"OTU_15"	0	0	0	98	253	212	0	0	0	208	143	277
"OTU_16"	49	35	54	65	57	21	69	165	106	166	122	255
"OTU_17"	273	318	263	67	136	97	0	0	0	0	0	0
"OTU_18"	89	82	25	16	34	0	165	97	60	195	163	226
"OTU_19"	375	97	131	58	99	161	157	0	0	35	10	25
"OTU_20"	160	94	111	0	42	0	175	307	206	0	0	0
"OTU_21"	168	66	137	0	19	12	197	297	195	0	0	0
"OTU_22"	142	105	156	0	0	0	167	275	202	0	0	0
"OTU_23"	0	0	0	98	201	174	0	0	0	210	124	211
"OTU_24"	92	103	98	0	134	186	0	29	19	0	31	298
"OTU_25"	41	18	0	91	77	157	0	0	7	0	39	534
"OTU_26"	150	85	138	0	0	0	161	261	166	0	0	0
"OTU_27"	0	0	0	116	367	181	0	0	0	102	49	111
"OTU_28"	0	0	0	71	195	172	0	0	0	185	82	218
"OTU_29"	61	70	85	53	179	171	0	0	0	60	12	211
"OTU_30"	0	0	0	93	218	125	0	0	0	125	64	238
"OTU_31"	66	49	104	25	56	146	103	23	40	63	14	55
"OTU_32"	194	291	149	7	53	18	0	0	0	0	0	0
"OTU_33"	10	18	0	69	216	128	23	3	0	43	11	190
"OTU_34"	0	68	68	45	110	77	0	0	0	101	58	117
"OTU_35"	32	65	59	46	57	56	105	122	72	0	0	0
"OTU_36"	8	0	48	14	83	210	0	0	15	0	27	199
"OTU_37"	0	47	70	43	102	79	0	0	0	80	56	125
"OTU_38"	83	30	0	143	14	74	36	34	25	24	10	120
"OTU_39"	22	75	51	43	57	46	90	128	81	0	0	0
"OTU_40"	75	104	87	27	11	44	51	74	23	27	13	53
"OTU_41"	0	0	22	50	0	84	98	43	55	63	0	150
"OTU_42"	77	170	0	0	122	0	85	68	0	0	5	24
"OTU_43"	0	0	0	60	62	52	0	0	0	123	93	122
"OTU_44"	143	69	156	0	0	0	57	53	30	0	0	0
"OTU_45"	72	125	89	52	11	0	10	2	8	87	5	19
"OTU_46"	0	0	0	23	19	26	83	191	11	61	33	31
"OTU_47"	115	0	7	0	12	6	157	83	94	0	0	0
"OTU_48"	48	11	38	0	84	48	56	40	38	27	17	51
"OTU_49"	0	14	0	105	148	105	0	0	0	19	0	31
"OTU_50"	112	25	113	0	0	0	67	26	71	0	0	0
"OTU_51"	0	54	31	54	37	88	0	0	18	51	34	47
"OTU_52"	9	17	15	101	122	72	9	0	14	17	0	27
"OTU_53"	58	37	57	0	0	0	39	47	15	56	0	88
"OTU_54"	72	70	86	0	0	0	77	69	15	0	0	0
"OTU_55"	0	0	0	16	199	170	0	0	0	0	0	0
"OTU_56"	38	96	34	23	58	29	31	43	30	0	0	0
"OTU_57"	38	54	45	14	108	62	0	12	0	0	30	16
"OTU_58"	0	0	0	0	0	0	71	82	84	45	29	66
"OTU_59"	24	34	86	0	59	0	71	46	0	17	0	33
"OTU_60"	0	0	0	86	235	48	0	0	0	0	0	0
"OTU_61"	113	40	105	0	0	0	49	43	18	0	0	0
"OTU_62"	24	32	25	24	53	50	59	47	54	0	0	0
"OTU_63"	0	0	10	40	102	80	9	10	11	22	8	72
"OTU_64"	61	38	62	29	66	27	27	16	16	0	0	21
"OTU_65"	42	24	14	3	6	19	62	97	71	10	2	13
"OTU_66"	126	77	69	5	22	8	0	0	0	19	7	24
"OTU_67"	51	83	58	20	47	43	17	0	28	0	0	0
"OTU_68"	0	0	0	8	81	57	0	0	0	49	70	80
"OTU_69"	0	0	0	94	101	89	0	0	0	10	0	50
"OTU_70"	18	19	23	16	63	26	55	67	54	0	0	0
"OTU_71"	0	0	0	0	307	33	0	0	0	0	0	0
"OTU_72"	67	20	23	0	119	46	0	0	0	0	0	63
"OTU_73"	0	0	0	47	104	98	0	0	0	18	30	39
"OTU_74"	62	76	51	0	116	0	29	0	0	0	0	0
"OTU_75"	44	121	0	0	52	0	73	38	0	0	0	0
"OTU_76"	13	0	153	14	42	15	19	13	50	0	0	7
"OTU_77"	0	0	0	28	108	50	0	0	0	45	32	59
"OTU_78"	165	78	16	20	0	15	0	19	0	0	0	0
"OTU_79"	48	0	10	0	0	55	87	17	0	68	0	16
"OTU_80"	0	0	0	0	174	94	0	0	0	0	0	32
"OTU_81"	0	0	0	20	251	27	0	0	0	0	0	0
"OTU_82"	3	0	3	16	81	39	15	0	6	40	28	56
"OTU_83"	56	0	0	37	53	0	27	0	13	63	0	35
"OTU_84"	0	0	119	0	0	0	0	0	158	0	0	0
"OTU_85"	0	0	0	95	0	114	0	0	0	0	0	68
"OTU_86"	0	0	0	20	138	22	0	0	0	31	9	56
"OTU_87"	0	22	10	22	70	46	0	0	0	19	0	84
"OTU_88"	0	0	0	110	31	83	0	0	0	9	8	22
"OTU_89"	39	73	61	0	0	20	0	32	7	0	0	29
"OTU_90"	0	0	22	37	0	74	0	0	0	56	9	55
"OTU_91"	0	0	20	26	162	43	0	0	0	0	0	0
"OTU_92"	0	32	0	0	0	0	0	0	0	0	87	130
"OTU_93"	0	0	0	6	44	28	0	0	0	46	60	59
"OTU_94"	20	11	23	0	0	0	108	47	30	0	0	0
"OTU_95"	14	25	18	4	52	4	31	0	32	0	37	20
"OTU_96"	0	0	0	77	0	93	0	0	0	12	0	51
"OTU_97"	0	0	0	71	0	98	0	0	0	61	0	0
"OTU_98"	0	0	0	0	216	13	0	0	0	0	0	0
"OTU_99"	0	0	0	0	0	0	48	173	0	0	0	0
"OTU_100"	15	18	10	7	41	25	21	44	39	0	0	0
"OTU_101"	35	71	96	0	0	0	0	10	5	0	0	0
"OTU_102"	0	0	0	23	103	90	0	0	0	0	0	0
"OTU_103"	0	11	8	40	22	76	0	5	0	18	5	30
"OTU_104"	0	0	0	95	0	59	0	0	0	28	0	32
"OTU_105"	22	9	21	6	35	23	16	23	8	24	12	13
"OTU_106"	25	9	12	19	72	0	30	22	12	10	0	0
"OTU_107"	0	0	0	0	122	0	0	0	0	27	0	58
"OTU_108"	0	0	0	0	87	55	0	0	0	0	0	65
"OTU_109"	14	11	16	13	20	27	5	6	10	27	33	23
"OTU_110"	38	31	71	0	0	0	34	30	0	0	0	0
"OTU_111"	0	0	0	0	0	0	179	14	0	0	11	0
"OTU_112"	92	64	11	0	0	0	18	0	17	0	0	0
"OTU_113"	0	4	0	15	28	25	55	38	35	0	0	0
"OTU_114"	0	0	0	0	0	27	0	0	0	0	0	170
"OTU_115"	73	0	0	0	0	0	27	95	0	0	0	0
"OTU_116"	42	31	33	0	2	44	0	10	9	0	22	2
"OTU_117"	21	15	7	61	26	29	15	0	0	0	0	21
"OTU_118"	11	0	52	0	29	18	21	34	20	0	0	0
"OTU_119"	0	0	0	101	1	0	0	0	0	73	0	10
"OTU_120"	0	0	0	0	37	0	0	0	0	35	47	60
"OTU_121"	20	4	27	16	0	18	25	50	16	0	0	0
"OTU_122"	0	8	9	13	8	0	0	0	0	62	0	76
"OTU_123"	30	26	38	0	0	0	24	15	4	5	13	19
"OTU_124"	0	0	0	76	29	12	0	0	0	10	0	43
"OTU_125"	0	0	0	26	0	38	0	0	0	25	0	79
"OTU_126"	0	0	25	0	41	41	0	0	0	0	0	58
"OTU_127"	40	16	23	0	0	10	0	0	75	0	0	0
"OTU_128"	0	0	0	70	0	0	0	0	0	94	0	0
"OTU_129"	50	0	0	23	31	13	0	23	0	0	4	19
"OTU_130"	37	36	31	0	0	0	10	17	29	0	0	0
"OTU_131"	0	0	0	21	86	53	0	0	0	0	0	0
"OTU_132"	0	0	0	0	0	0	0	109	50	0	0	0
"OTU_133"	40	34	59	0	0	0	0	12	13	0	0	0
"OTU_134"	0	0	0	48	0	24	0	0	0	21	18	44
"OTU_135"	0	0	0	17	53	53	0	0	0	0	0	32
"OTU_136"	0	0	0	0	155	0	0	0	0	0	0	0
"OTU_137"	0	0	0	33	30	25	6	0	0	23	0	34
"OTU_138"	16	26	37	17	26	28	0	0	0	0	0	0
"OTU_139"	0	12	16	16	43	18	0	7	0	18	0	15
"OTU_140"	0	0	0	9	0	37	0	0	0	14	26	59
"OTU_141"	0	0	0	36	51	0	0	0	0	0	0	57
"OTU_142"	0	0	0	0	0	54	0	0	0	31	0	59
"OTU_143"	0	0	0	0	0	0	0	0	0	51	31	61
"OTU_144"	16	4	9	0	0	3	56	15	19	6	5	5
"OTU_145"	0	0	0	39	26	21	0	0	0	28	0	24
"OTU_146"	0	0	0	10	60	13	0	0	0	30	0	25
"OTU_147"	0	0	0	74	0	0	0	0	0	63	0	0
"OTU_148"	0	0	0	69	18	29	0	0	0	12	0	9
"OTU_149"	0	0	27	0	56	16	0	35	0	0	0	0
"OTU_150"	0	0	0	0	102	0	0	0	0	0	30	0
"OTU_151"	0	0	6	0	0	0	50	37	32	0	0	0
"OTU_152"	0	0	0	22	75	27	0	0	0	0	0	0
"OTU_153"	0	0	0	0	0	0	39	46	34	0	0	0
"OTU_154"	0	74	0	0	0	0	41	0	0	0	0	0
"OTU_155"	0	0	0	19	0	33	0	0	0	0	11	52
"OTU_156"	35	27	38	0	0	0	0	11	0	0	0	0
"OTU_157"	0	30	0	30	0	0	36	0	0	15	0	0
"OTU_158"	0	0	0	13	27	24	0	0	0	17	0	30
"OTU_159"	0	0	0	0	29	26	0	30	26	0	0	0
"OTU_160"	20	37	19	0	16	18	0	0	0	0	0	0
"OTU_161"	24	41	31	0	0	0	12	0	0	0	0	0
"OTU_162"	14	17	0	0	0	0	34	29	13	0	0	0
"OTU_163"	16	12	34	0	14	12	4	0	7	0	0	7
"OTU_164"	6	0	0	9	0	4	48	16	0	8	7	8
"OTU_165"	8	0	0	18	11	15	5	0	0	14	0	34
"OTU_166"	6	0	0	10	43	34	0	0	0	4	0	6
"OTU_167"	0	0	103	0	0	0	0	0	0	0	0	0
"OTU_168"	0	0	0	15	17	39	0	0	0	12	0	20
"OTU_169"	0	0	0	0	0	58	0	0	0	0	0	45
"OTU_170"	0	0	0	0	102	0	0	0	0	0	0	0
"OTU_171"	0	0	0	31	26	10	0	0	0	15	0	19
"OTU_172"	0	0	0	0	32	0	0	0	0	0	0	68
"OTU_173"	0	0	0	0	52	47	0	0	0	0	0	0
"OTU_174"	23	9	0	8	54	0	0	0	0	0	0	0
"OTU_175"	21	22	11	0	0	21	12	0	7	0	0	0
"OTU_176"	0	0	0	12	54	20	0	0	0	0	0	7
"OTU_177"	0	92	0	0	0	0	0	0	0	0	0	0
"OTU_178"	8	14	0	0	0	17	0	0	0	28	0	24
"OTU_179"	0	0	0	7	40	16	0	0	0	7	0	21
"OTU_180"	0	0	0	7	7	32	0	0	0	6	7	31
"OTU_181"	16	34	19	7	0	13	0	0	0	0	0	0
"OTU_182"	0	0	0	0	26	22	0	0	0	10	4	27
"OTU_183"	12	0	0	0	33	23	0	0	0	0	0	20
"OTU_184"	26	16	0	0	18	17	8	0	0	0	0	0
"OTU_185"	0	0	0	0	28	19	0	0	0	12	0	26
"OTU_186"	0	0	0	20	34	30	0	0	0	0	0	0
"OTU_187"	0	0	0	0	44	38	0	0	0	0	0	0
"OTU_188"	0	0	0	0	41	21	0	0	0	0	0	20
"OTU_189"	0	0	0	13	12	30	0	0	0	0	14	12
"OTU_190"	0	0	0	8	20	13	0	0	0	14	0	26
"OTU_191"	0	0	26	0	0	0	27	27	0	0	0	0
"OTU_192"	0	21	29	0	0	0	0	15	14	0	0	0
"OTU_193"	0	0	0	0	11	14	0	17	22	10	0	5
"OTU_194"	18	9	20	0	0	0	5	14	12	0	0	0
"OTU_195"	10	0	8	0	4	3	11	8	0	10	8	15
"OTU_196"	0	0	0	0	36	11	0	0	0	14	0	15
"OTU_197"	0	0	0	0	0	0	26	31	19	0	0	0
"OTU_198"	43	0	16	0	0	0	10	0	6	0	0	0
"OTU_199"	0	0	8	0	0	0	0	38	29	0	0	0
"OTU_200"	26	10	10	0	0	0	0	17	9	0	0	0
"OTU_201"	16	0	0	0	0	0	21	33	2	0	0	0
"OTU_202"	0	9	21	0	0	0	16	9	0	6	0	9
"OTU_203"	0	0	0	0	70	0	0	0	0	0	0	0
"OTU_204"	0	0	0	21	20	28	0	0	0	0	0	0
"OTU_205"	0	0	0	0	11	21	0	0	0	19	0	18
"OTU_206"	0	0	0	0	0	0	0	0	0	32	0	34
"OTU_207"	14	51	0	0	0	0	0	0	0	0	0	0
"OTU_208"	12	10	10	0	21	12	0	0	0	0	0	0
"OTU_209"	0	0	9	20	0	23	0	0	0	4	0	9
"OTU_210"	17	47	0	0	0	0	0	0	0	0	0	0
"OTU_211"	0	0	0	0	23	25	0	0	0	0	12	3
"OTU_212"	0	0	0	0	0	17	0	0	0	0	0	42
"OTU_213"	0	0	0	0	0	0	0	0	0	0	0	59
"OTU_214"	0	0	0	0	22	13	0	0	0	0	0	22
"OTU_215"	0	0	0	0	7	18	0	0	0	15	0	17
"OTU_216"	0	0	0	0	0	0	0	0	0	0	0	57
"OTU_217"	0	0	0	12	0	0	0	0	0	15	0	29
"OTU_218"	0	0	0	0	0	0	0	0	10	0	0	46
"OTU_219"	0	9	12	0	0	0	0	0	0	0	6	28
"OTU_220"	0	0	20	0	0	0	0	35	0	0	0	0
"OTU_221"	0	0	12	0	0	0	0	43	0	0	0	0
"OTU_222"	0	0	0	9	12	9	0	0	0	14	0	11
"OTU_223"	0	0	0	0	0	0	0	0	0	0	32	23
"OTU_224"	0	0	0	0	0	0	0	0	0	0	0	53
"OTU_225"	0	21	23	0	0	0	0	7	0	0	0	0
"OTU_226"	0	13	23	0	0	0	0	0	0	15	0	0
"OTU_227"	0	0	0	0	0	15	0	0	0	0	0	36
"OTU_228"	0	0	0	0	0	0	0	0	0	0	0	51
"OTU_229"	0	0	11	0	0	0	8	13	11	0	7	0
"OTU_230"	0	0	0	19	16	15	0	0	0	0	0	0
"OTU_231"	15	10	11	0	0	0	9	0	4	0	0	0
"OTU_232"	0	0	0	29	0	7	0	0	0	0	0	12
"OTU_233"	0	0	0	0	0	0	0	48	0	0	0	0
"OTU_234"	0	0	47	0	0	0	0	0	0	0	0	0
"OTU_235"	0	0	10	0	0	0	37	0	0	0	0	0
"OTU_236"	0	0	0	10	29	7	0	0	0	0	0	0
"OTU_237"	0	0	0	0	0	0	0	0	0	0	0	46
"OTU_238"	0	0	0	0	0	0	20	10	15	0	0	0
"OTU_239"	0	0	0	0	0	0	0	0	0	0	0	45
"OTU_240"	0	0	0	0	0	0	23	11	10	0	0	0
"OTU_241"	0	4	0	0	16	12	0	0	2	0	2	7
"OTU_242"	0	0	15	0	14	0	0	0	0	14	0	0
"OTU_243"	0	0	42	0	0	0	0	0	0	0	0	0
"OTU_244"	0	0	3	0	0	3	5	6	0	11	4	10
"OTU_245"	0	0	0	0	0	0	0	0	42	0	0	0
"OTU_246"	14	16	11	0	0	0	0	0	0	0	0	0
"OTU_247"	0	0	41	0	0	0	0	0	0	0	0	0
"OTU_248"	0	0	0	0	41	0	0	0	0	0	0	0
"OTU_249"	0	0	0	0	40	0	0	0	0	0	0	0
"OTU_250"	0	0	0	0	40	0	0	0	0	0	0	0
"OTU_251"	0	0	0	0	31	0	0	0	0	9	0	0
"OTU_252"	5	0	0	0	22	12	0	0	0	0	0	0
"OTU_253"	0	0	0	7	0	0	0	0	10	6	0	16
"OTU_254"	0	0	0	0	28	0	0	0	0	11	0	0
"OTU_255"	0	0	0	0	9	9	0	0	0	10	0	11
"OTU_256"	0	0	0	0	9	0	0	0	0	16	0	13
"OTU_257"	0	0	0	0	0	0	0	30	8	0	0	0
"OTU_258"	15	13	9	0	0	0	0	0	0	0	0	0
"OTU_259"	0	0	0	0	0	0	0	0	0	9	0	28
"OTU_260"	13	0	0	0	0	0	6	13	4	0	0	0
"OTU_261"	0	0	0	18	18	0	0	0	0	0	0	0
"OTU_262"	0	0	0	0	0	18	0	0	0	0	0	18
"OTU_263"	35	0	0	0	0	0	0	0	0	0	0	0
"OTU_264"	0	9	5	0	0	0	13	8	0	0	0	0
"OTU_265"	0	0	9	0	0	0	14	6	0	6	0	0
"OTU_266"	0	0	0	16	19	0	0	0	0	0	0	0
"OTU_267"	0	0	0	4	5	5	0	0	0	10	0	10
"OTU_268"	0	12	21	0	0	0	0	0	0	0	0	0
"OTU_269"	0	0	0	11	0	11	0	0	0	0	0	11
"OTU_270"	0	0	0	9	0	13	0	0	0	0	0	11
"OTU_271"	0	0	0	7	26	0	0	0	0	0	0	0
"OTU_272"	0	0	0	0	26	0	0	0	0	0	7	0
"OTU_273"	32	0	0	0	0	0	0	0	0	0	0	0
"OTU_274"	32	0	0	0	0	0	0	0	0	0	0	0
"OTU_275"	0	0	0	6	0	26	0	0	0	0	0	0
"OTU_276"	0	0	0	0	10	5	0	0	0	0	7	10
"OTU_277"	0	0	0	0	0	0	0	0	0	8	10	14
"OTU_278"	0	0	0	0	12	9	0	0	0	0	0	10
"OTU_279"	0	0	0	0	9	0	0	0	0	0	0	22
"OTU_280"	0	0	0	0	0	0	31	0	0	0	0	0
"OTU_281"	0	0	0	12	0	0	0	0	0	18	0	0
"OTU_282"	0	0	0	10	0	19	0	0	0	0	0	0
"OTU_283"	0	0	0	0	5	0	14	0	0	0	10	0
"OTU_284"	0	0	0	0	0	0	0	20	9	0	0	0
"OTU_285"	0	0	0	0	20	6	0	0	0	2	0	0
"OTU_286"	0	0	0	0	15	0	0	0	6	7	0	0
"OTU_287"	0	0	0	0	0	0	0	28	0	0	0	0
"OTU_288"	27	0	0	0	0	0	0	0	0	0	0	0
"OTU_289"	0	10	17	0	0	0	0	0	0	0	0	0
"OTU_290"	0	0	0	27	0	0	0	0	0	0	0	0
"OTU_291"	0	0	0	27	0	0	0	0	0	0	0	0
"OTU_292"	0	0	0	7	8	12	0	0	0	0	0	0
"OTU_293"	0	0	0	0	18	9	0	0	0	0	0	0
"OTU_294"	9	0	6	0	0	0	6	5	0	0	0	0
"OTU_295"	8	0	14	4	0	0	0	0	0	0	0	0
"OTU_296"	3	0	0	0	0	0	0	7	3	0	13	0
"OTU_297"	0	0	0	0	0	0	0	0	0	0	0	26
"OTU_298"	11	0	0	0	0	0	8	6	0	0	0	0
"OTU_299"	0	0	0	24	0	0	0	0	0	0	0	0
"OTU_300"	0	0	0	0	9	0	0	0	0	0	0	15
"OTU_301"	6	0	4	0	0	0	0	6	7	0	0	0
"OTU_302"	0	0	0	12	0	0	0	0	0	0	0	11
"OTU_303"	0	0	0	0	11	0	0	0	0	0	0	12
"OTU_304"	22	0	0	0	0	0	0	0	0	0	0	0
"OTU_305"	0	0	0	0	15	0	0	0	0	0	0	7
"OTU_306"	0	0	0	0	9	0	0	0	0	0	0	13
"OTU_307"	0	0	0	0	0	0	0	0	22	0	0	0
"OTU_308"	0	0	0	0	0	0	0	0	0	0	22	0
"OTU_309"	12	0	0	0	0	0	0	0	9	0	0	0
"OTU_310"	7	4	10	0	0	0	0	0	0	0	0	0
"OTU_311"	0	0	0	14	0	7	0	0	0	0	0	0
"OTU_312"	0	0	0	0	0	21	0	0	0	0	0	0
"OTU_313"	0	0	0	0	0	0	21	0	0	0	0	0
"OTU_314"	0	0	0	0	0	20	0	0	0	0	0	0
"OTU_315"	0	0	0	0	0	20	0	0	0	0	0	0
"OTU_316"	0	0	0	0	0	0	0	20	0	0	0	0
"OTU_317"	0	0	0	0	0	0	0	0	20	0	0	0
"OTU_318"	0	0	0	19	0	0	0	0	0	0	0	0
"OTU_319"	0	0	0	0	0	8	0	0	0	0	0	11
"OTU_320"	0	0	0	0	0	0	8	11	0	0	0	0
"OTU_321"	0	0	0	0	0	0	8	11	0	0	0	0
"OTU_322"	18	0	0	0	0	0	0	0	0	0	0	0
"OTU_323"	0	6	12	0	0	0	0	0	0	0	0	0
"OTU_324"	0	0	18	0	0	0	0	0	0	0	0	0
"OTU_325"	0	0	0	0	18	0	0	0	0	0	0	0
"OTU_326"	0	0	0	0	8	0	0	0	0	0	0	10
"OTU_327"	0	0	0	0	0	4	0	14	0	0	0	0
"OTU_328"	17	0	0	0	0	0	0	0	0	0	0	0
"OTU_329"	0	0	7	0	0	0	0	4	0	0	0	6
"OTU_330"	0	0	0	0	0	17	0	0	0	0	0	0
"OTU_331"	0	0	0	0	0	17	0	0	0	0	0	0
"OTU_332"	0	0	0	9	7	0	0	0	0	0	0	0
"OTU_333"	0	0	0	0	0	0	0	0	16	0	0	0
"OTU_334"	0	0	0	0	0	0	0	0	16	0	0	0
"OTU_335"	0	0	0	0	0	0	0	0	0	0	0	16
"OTU_336"	0	0	3	0	0	0	0	4	8	0	0	0
"OTU_337"	0	0	0	8	0	0	0	0	0	0	0	7
"OTU_338"	0	0	0	0	15	0	0	0	0	0	0	0
"OTU_339"	0	0	0	0	15	0	0	0	0	0	0	0
"OTU_340"	0	0	0	0	0	0	0	0	0	0	0	15
"OTU_341"	14	0	0	0	0	0	0	0	0	0	0	0
"OTU_342"	14	0	0	0	0	0	0	0	0	0	0	0
"OTU_343"	5	0	0	0	0	0	4	0	5	0	0	0
"OTU_344"	0	6	0	0	8	0	0	0	0	0	0	0
"OTU_345"	0	0	0	0	14	0	0	0	0	0	0	0
"OTU_346"	0	0	0	0	14	0	0	0	0	0	0	0
"OTU_347"	0	0	0	0	5	9	0	0	0	0	0	0
"OTU_348"	0	0	0	0	0	14	0	0	0	0	0	0
"OTU_349"	0	0	0	8	0	0	0	0	0	0	0	5
"OTU_350"	0	0	0	0	13	0	0	0	0	0	0	0
"OTU_351"	0	0	0	0	13	0	0	0	0	0	0	0
"OTU_352"	0	0	0	0	8	0	0	0	0	0	0	5
"OTU_353"	0	0	0	0	4	5	0	0	0	0	4	0
"OTU_354"	0	0	0	0	0	0	0	0	13	0	0	0
"OTU_355"	0	0	0	0	0	0	0	0	0	0	0	13
"OTU_356"	12	0	0	0	0	0	0	0	0	0	0	0
"OTU_357"	0	12	0	0	0	0	0	0	0	0	0	0
"OTU_358"	0	12	0	0	0	0	0	0	0	0	0	0
"OTU_359"	0	5	7	0	0	0	0	0	0	0	0	0
"OTU_360"	0	0	0	0	12	0	0	0	0	0	0	0
"OTU_361"	0	0	0	0	7	5	0	0	0	0	0	0
"OTU_362"	0	0	0	0	0	0	0	12	0	0	0	0
"OTU_363"	0	0	0	0	0	0	0	6	6	0	0	0
"OTU_364"	0	0	0	0	0	0	0	6	6	0	0	0
"OTU_365"	0	0	0	0	0	0	0	0	0	0	0	12
"OTU_366"	11	0	0	0	0	0	0	0	0	0	0	0
"OTU_367"	0	6	0	0	0	5	0	0	0	0	0	0
"OTU_368"	0	0	0	11	0	0	0	0	0	0	0	0
"OTU_369"	0	0	0	11	0	0	0	0	0	0	0	0
"OTU_370"	0	0	0	0	7	0	0	0	4	0	0	0
"OTU_371"	0	0	0	0	0	0	6	0	0	0	5	0
"OTU_372"	0	0	0	0	0	0	0	11	0	0	0	0
"OTU_373"	10	0	0	0	0	0	0	0	0	0	0	0
"OTU_374"	0	0	10	0	0	0	0	0	0	0	0	0
"OTU_375"	0	0	10	0	0	0	0	0	0	0	0	0
"OTU_376"	0	0	10	0	0	0	0	0	0	0	0	0
"OTU_377"	0	0	0	0	0	0	10	0	0	0	0	0
"OTU_378"	0	0	0	0	0	0	0	0	0	0	0	10
"OTU_379"	0	0	9	0	0	0	0	0	0	0	0	0
"OTU_380"	0	0	0	0	0	0	0	0	0	0	9	0
"OTU_381"	0	0	0	0	0	0	0	0	0	0	0	9
"OTU_382"	8	0	0	0	0	0	0	0	0	0	0	0
"OTU_383"	8	0	0	0	0	0	0	0	0	0	0	0
"OTU_384"	0	0	8	0	0	0	0	0	0	0	0	0
"OTU_385"	0	0	0	0	8	0	0	0	0	0	0	0
"OTU_386"	0	0	0	0	8	0	0	0	0	0	0	0
"OTU_387"	0	0	0	0	8	0	0	0	0	0	0	0
"OTU_388"	0	0	0	0	8	0	0	0	0	0	0	0
"OTU_389"	0	0	0	0	0	0	8	0	0	0	0	0
"OTU_390"	0	0	0	0	0	0	0	0	0	0	0	8
"OTU_391"	0	0	0	0	0	0	0	0	0	0	0	8
"OTU_392"	0	0	0	0	7	0	0	0	0	0	0	0
"OTU_393"	0	0	0	0	7	0	0	0	0	0	0	0
"OTU_394"	0	0	0	0	7	0	0	0	0	0	0	0
"OTU_395"	0	0	0	0	0	5	0	0	0	2	0	0
"OTU_396"	0	0	0	0	0	0	0	7	0	0	0	0
"OTU_397"	6	0	0	0	0	0	0	0	0	0	0	0
"OTU_398"	0	6	0	0	0	0	0	0	0	0	0	0
"OTU_399"	0	0	0	0	6	0	0	0	0	0	0	0
"OTU_400"	0	0	0	0	0	6	0	0	0	0	0	0
"OTU_401"	0	0	0	0	0	0	0	6	0	0	0	0
"OTU_402"	0	0	0	0	0	0	0	0	0	0	6	0
"OTU_403"	0	0	0	0	0	5	0	0	0	0	0	0
"OTU_404"	0	0	0	0	0	0	5	0	0	0	0	0
"OTU_405"	0	0	0	0	0	0	5	0	0	0	0	0
"OTU_406"	0	0	0	0	0	0	0	5	0	0	0	0
"OTU_407"	0	0	0	0	0	0	0	5	0	0	0	0
"OTU_408"	0	0	0	0	0	0	0	5	0	0	0	0
"OTU_409"	0	0	0	0	0	0	0	0	0	0	5	0
"OTU_410"	4	0	0	0	0	0	0	0	0	0	0	0
"OTU_411"	4	0	0	0	0	0	0	0	0	0	0	0
"OTU_412"	0	4	0	0	0	0	0	0	0	0	0	0
"OTU_413"	0	0	0	0	4	0	0	0	0	0	0	0
"OTU_414"	0	0	0	0	4	0	0	0	0	0	0	0
"OTU_415"	0	0	0	0	4	0	0	0	0	0	0	0
"OTU_416"	0	0	0	0	4	0	0	0	0	0	0	0
"OTU_417"	0	0	0	0	0	4	0	0	0	0	0	0
"OTU_418"	0	0	0	0	0	0	4	0	0	0	0	0
"OTU_419"	0	0	0	0	0	0	0	0	4	0	0	0
"OTU_420"	0	0	0	0	0	0	0	0	0	4	0	0
"OTU_421"	0	0	0	0	0	0	0	0	0	0	0	4
"OTU_422"	3	0	0	0	0	0	0	0	0	0	0	0
"OTU_423"	3	0	0	0	0	0	0	0	0	0	0	0
"OTU_424"	0	3	0	0	0	0	0	0	0	0	0	0
"OTU_425"	0	0	0	3	0	0	0	0	0	0	0	0
"OTU_426"	0	0	0	0	3	0	0	0	0	0	0	0
"OTU_427"	0	0	0	0	3	0	0	0	0	0	0	0
"OTU_428"	0	0	0	0	0	0	3	0	0	0	0	0
"OTU_429"	0	0	0	0	0	0	0	3	0	0	0	0
"OTU_430"	0	0	0	0	0	0	0	0	3	0	0	0
"OTU_431"	0	0	0	0	0	0	0	0	0	0	0	3
"OTU_432"	0	0	0	0	0	0	0	0	0	0	0	3
"OTU_433"	2	0	0	0	0	0	0	0	0	0	0	0
"OTU_434"	2	0	0	0	0	0	0	0	0	0	0	0
"OTU_435"	0	0	2	0	0	0	0	0	0	0	0	0
"OTU_436"	0	0	0	0	0	2	0	0	0	0	0	0
"OTU_437"	0	0	0	0	0	0	0	2	0	0	0	0
"OTU_438"	0	0	0	0	0	0	0	2	0	0	0	0
